	AGNEWS	AMAZON	DBPEDIA	IMDB	MEDDIA	QQP	SST2	TLDR	WMT	YELP
AGNEWS	1.000000	0.952957	0.952477	0.870934	0.938637	0.964208	0.930459	0.793756	0.936153	0.922639
AMAZON	0.952957	1.000000	0.885501	0.829031	0.923824	0.964135	0.960050	0.766552	0.951147	0.936494
DBPEDIA	0.952477	0.885501	1.000000	0.900507	0.916737	0.904447	0.837189	0.819610	0.852590	0.905792
IMDB	0.870934	0.829031	0.900507	1.000000	0.894070	0.820426	0.726171	0.919753	0.748407	0.932715
MEDDIA	0.938637	0.923824	0.916737	0.894070	1.000000	0.924268	0.866102	0.868995	0.877834	0.937607
QQP	    0.964208	0.964135	0.904447	0.820426	0.924268	1.000000	0.963523	0.747378	0.954293	0.898854
SST2	0.930459	0.960050	0.837189	0.726171	0.866102	0.963523	1.000000	0.639751	0.968213	0.841111
TLDR	0.793756	0.766552	0.819610	0.919753	0.868995	0.747378	0.639751	1.000000	0.668302	0.896540
WMT 	0.936153	0.951147	0.852590	0.748407	0.877834	0.954293	0.968213	0.668302	1.000000	0.851456
YELP	0.922639	0.936494	0.905792	0.932715	0.937607	0.898854	0.841111	0.896540	0.851456	1.000000
