	AGNEWS	AMAZON	DBPEDIA	IMDB	MEDDIA	QQP	SST2	TLDR	WMT	YELP
AGNEWS	1.000000	0.967486	0.951318	0.872982	0.954163	0.972286	0.945625	0.798399	0.953448	0.944428
AMAZON	0.967486	1.000000	0.895280	0.829183	0.938348	0.976963	0.972000	0.756981	0.971070	0.946852
DBPEDIA	0.951318	0.895280	1.000000	0.911653	0.930233	0.902746	0.846735	0.839846	0.861695	0.926701
IMDB	0.872982	0.829183	0.911653	1.000000	0.904887	0.818437	0.736153	0.931228	0.759943	0.939543
MEDDIA	0.954163	0.938348	0.930233	0.904887	1.000000	0.936021	0.888142	0.873230	0.902542	0.956734
QQP	0.972286	0.976963	0.902746	0.818437	0.936021	1.000000	0.975944	0.740891	0.972952	0.918185
SST2	0.945625	0.972000	0.846735	0.736153	0.888142	0.975944	1.000000	0.644437	0.983698	0.870545
TLDR	0.798399	0.756981	0.839846	0.931228	0.873230	0.740891	0.644437	1.000000	0.676366	0.891438
WMT	0.953448	0.971070	0.861695	0.759943	0.902542	0.972952	0.983698	0.676366	1.000000	0.885367
YELP	0.944428	0.946852	0.926701	0.939543	0.956734	0.918185	0.870545	0.891438	0.885367	1.000000
