	AGNEWS	AMAZON	DBPEDIA	IMDB	MEDDIA	QQP	SST2	TLDR	WMT	YELP
AGNEWS	-0.000000	0.044199	0.036832	0.091129	0.057797	0.035310	0.072937	0.162441	0.082456	0.071029
AMAZON	0.044199	-0.000001	0.089080	0.109875	0.062489	0.037307	0.051411	0.166593	0.076147	0.048375
DBPEDIA	0.036832	0.089080	0.000001	0.081112	0.076783	0.075714	0.142937	0.154737	0.142648	0.085775
IMDB	0.091129	0.109875	0.081112	0.000000	0.077949	0.127121	0.217256	0.063092	0.212620	0.045452
MEDDIA	0.057797	0.062489	0.076783	0.077949	-0.000000	0.068111	0.129425	0.101659	0.133662	0.055609
QQP	0.035310	0.037307	0.075714	0.127121	0.068111	0.000000	0.042825	0.195737	0.068059	0.090370
SST2	0.072937	0.051411	0.142937	0.217256	0.129425	0.042825	0.000000	0.304142	0.053663	0.154184
TLDR	0.162441	0.166593	0.154737	0.063092	0.101659	0.195737	0.304142	0.000000	0.291795	0.073829
WMT	0.082456	0.076147	0.142648	0.212620	0.133662	0.068059	0.053663	0.291795	-0.000000	0.158969
YELP	0.071029	0.048375	0.085775	0.045452	0.055609	0.090370	0.154184	0.073829	0.158969	-0.000000
