	AGNEWS	AMAZON	DBPEDIA	IMDB	MEDDIA	QQP	SST2	TLDR	WMT	YELP
AGNEWS	1.000000	0.988134	0.968484	0.896199	0.979221	0.986369	0.980954	0.832880	0.982103	0.975229
AMAZON	0.988134	1.000000	0.941994	0.875407	0.977225	0.992242	0.991944	0.811417	0.991113	0.976698
DBPEDIA	0.968484	0.941994	0.999999	0.924879	0.952509	0.938805	0.923592	0.861058	0.927553	0.956696
IMDB	0.896199	0.875407	0.924879	1.000000	0.910891	0.857007	0.831072	0.939968	0.843886	0.947414
MEDDIA	0.979221	0.977225	0.952509	0.910891	1.000000	0.970896	0.960794	0.877357	0.964406	0.979604
QQP	0.986369	0.992242	0.938805	0.857007	0.970896	1.000001	0.993429	0.790780	0.991180	0.960828
SST2	0.980954	0.991944	0.923592	0.831072	0.960794	0.993429	1.000000	0.756847	0.994508	0.949128
TLDR	0.832880	0.811417	0.861058	0.939968	0.877357	0.790780	0.756847	1.000000	0.772817	0.897645
WMT	0.982103	0.991113	0.927553	0.843886	0.964406	0.991180	0.994508	0.772817	1.000000	0.954667
YELP	0.975229	0.976698	0.956696	0.947414	0.979604	0.960828	0.949128	0.897645	0.954667	1.000000
