	AGNEWS	AMAZON	DBPEDIA	IMDB	MEDDIA	QQP	SST2	TLDR	WMT	YELP
AGNEWS	1.000000	0.708549	0.834183	0.717281	0.644294	0.758638	0.736676	0.623194	0.158626	0.674622
AMAZON	0.708549	1.000000	0.564873	0.785707	0.721683	0.719505	0.734046	0.743093	0.117486	0.903563
DBPEDIA	0.834183	0.564873	1.000000	0.575749	0.517656	0.659781	0.611269	0.471822	0.177641	0.522286
IMDB	0.717281	0.785707	0.575749	1.000000	0.742800	0.715527	0.682986	0.821618	0.035432	0.837376
MEDDIA	0.644294	0.721683	0.517656	0.742800	1.000000	0.701976	0.581863	0.804428	0.061753	0.755295
QQP	0.758638	0.719505	0.659781	0.715527	0.701976	1.000000	0.809329	0.655933	0.144016	0.677236
SST2	0.736676	0.734046	0.611269	0.682986	0.581863	0.809329	1.000000	0.516567	0.188835	0.614468
TLDR	0.623194	0.743093	0.471822	0.821618	0.804428	0.655933	0.516567	1.000000	0.040639	0.838651
WMT	0.158626	0.117486	0.177641	0.035432	0.061753	0.144016	0.188835	0.040639	1.000000	0.048098
YELP	0.674622	0.903563	0.522286	0.837376	0.755295	0.677236	0.614468	0.838651	0.048098	1.000000
