	AGNEWS	AMAZON	DBPEDIA	IMDB	MEDDIA	QQP	SST2	TLDR	WMT	YELP
AGNEWS	0.000000	0.075248	0.051183	0.105160	0.084507	0.056188	0.087214	0.195323	0.096488	0.102240
AMAZON	0.075248	0.000000	0.129058	0.125515	0.093809	0.069140	0.070441	0.185999	0.102740	0.055232
DBPEDIA	0.051183	0.129058	-0.000000	0.104213	0.109511	0.102907	0.160948	0.199962	0.167523	0.127376
IMDB	0.105160	0.125515	0.104213	0.000000	0.098416	0.141030	0.216487	0.092043	0.223038	0.064548
MEDDIA	0.084507	0.093809	0.109511	0.098416	-0.000000	0.097990	0.156913	0.121297	0.161568	0.083978
QQP	0.056188	0.069140	0.102907	0.141030	0.097990	0.000000	0.054706	0.225398	0.089025	0.121994
SST2	0.087214	0.070441	0.160948	0.216487	0.156913	0.054706	0.000000	0.322915	0.067605	0.171752
TLDR	0.195323	0.185999	0.199962	0.092043	0.121297	0.225398	0.322915	0.000000	0.314877	0.098077
WMT	0.096488	0.102740	0.167523	0.223038	0.161568	0.089025	0.067605	0.314877	0.000000	0.184943
YELP	0.102240	0.055232	0.127376	0.064548	0.083978	0.121994	0.171752	0.098077	0.184943	0.000000
