	AGNEWS	AMAZON	DBPEDIA	IMDB	MEDDIA	QQP	SST2	TLDR	WMT	YELP
AGNEWS	0.000000	0.021807	0.043031	0.136999	0.034642	0.021312	0.037686	0.208563	0.031153	0.041150
AMAZON	0.021807	-0.000000	0.088963	0.178308	0.045751	0.012171	0.015145	0.251275	0.015045	0.044071
DBPEDIA	0.043031	0.088963	0.000000	0.097074	0.064088	0.089009	0.123395	0.165714	0.112026	0.061944
IMDB	0.136999	0.178308	0.097074	-0.000000	0.104825	0.195936	0.251859	0.065837	0.229552	0.065399
MEDDIA	0.034642	0.045751	0.064088	0.104825	0.000000	0.052519	0.080441	0.139651	0.068688	0.031937
QQP	0.021312	0.012171	0.089009	0.195936	0.052519	-0.000000	0.012055	0.272031	0.013502	0.065350
SST2	0.037686	0.015145	0.123395	0.251859	0.080441	0.012055	0.000000	0.339401	0.008775	0.095084
TLDR	0.208563	0.251275	0.165714	0.065837	0.139651	0.272031	0.339401	0.000000	0.310258	0.118499
WMT	0.031153	0.015045	0.112026	0.229552	0.068688	0.013502	0.008775	0.310258	-0.000000	0.082612
YELP	0.041150	0.044071	0.061944	0.065399	0.031937	0.065350	0.095084	0.118499	0.082612	0.000000
