	AGNEWS	AMAZON	DBPEDIA	IMDB	MEDDIA	QQP	SST2	TLDR	WMT	YELP
AGNEWS	0.000000	0.036973	0.052947	0.133069	0.049604	0.031853	0.064134	0.217033	0.056525	0.055740
AMAZON	0.036973	0.000000	0.118715	0.188452	0.070218	0.024602	0.029845	0.269574	0.031877	0.055023
DBPEDIA	0.052947	0.118715	-0.000000	0.089015	0.073148	0.110027	0.176658	0.166635	0.163080	0.077647
IMDB	0.133069	0.188452	0.089015	-0.000000	0.097219	0.197407	0.291398	0.072780	0.270618	0.068974
MEDDIA	0.049604	0.070218	0.073148	0.097219	0.000000	0.074070	0.129737	0.133865	0.115384	0.043789
QQP	0.031853	0.024602	0.110027	0.197407	0.074070	-0.000000	0.027116	0.286523	0.030231	0.084571
SST2	0.064134	0.029845	0.176658	0.291398	0.129737	0.027116	-0.000000	0.394342	0.016250	0.136766
TLDR	0.217033	0.269574	0.166635	0.072780	0.133865	0.286523	0.394342	0.000000	0.364611	0.123581
WMT	0.056525	0.031877	0.163080	0.270618	0.115384	0.030231	0.016250	0.364611	-0.000000	0.124872
YELP	0.055740	0.055023	0.077647	0.068974	0.043789	0.084571	0.136766	0.123581	0.124872	0.000000
