	AGNEWS	AMAZON	DBPEDIA	IMDB	MEDDIA	QQP	SST2	TLDR	WMT	YELP
AGNEWS	1.000000	0.991851	0.979722	0.942134	0.987531	0.989553	0.987221	0.888420	0.987243	0.986882
AMAZON	0.991851	1.000000	0.962189	0.926417	0.985027	0.994377	0.995060	0.869827	0.994062	0.987971
DBPEDIA	0.979722	0.962189	1.000000	0.959964	0.970741	0.957872	0.949772	0.910473	0.950811	0.973708
IMDB	0.942134	0.926417	0.959964	1.000000	0.947561	0.913486	0.901981	0.955471	0.905291	0.964738
MEDDIA	0.987531	0.985027	0.970741	0.947561	1.000000	0.980521	0.975755	0.914649	0.977124	0.987414
QQP	0.989553	0.994377	0.957872	0.913486	0.980521	1.000000	0.995943	0.854730	0.994567	0.977111
SST2	0.987221	0.995060	0.949772	0.901981	0.975755	0.995943	1.000000	0.837476	0.996817	0.972918
TLDR	0.888420	0.869827	0.910473	0.955471	0.914649	0.854730	0.837476	1.000000	0.843245	0.921184
WMT	0.987243	0.994062	0.950811	0.905291	0.977124	0.994567	0.996817	0.843245	1.000001	0.973983
YELP	0.986882	0.987971	0.973708	0.964738	0.987414	0.977111	0.972918	0.921184	0.973983	1.000000
