	AGNEWS	AMAZON	DBPEDIA	IMDB	MEDDIA	QQP	SST2	TLDR	WMT	YELP
AGNEWS	1.000000	0.954370	0.963113	0.903748	0.942421	0.964432	0.927063	0.838129	0.916834	0.928891
AMAZON	0.954370	1.000000	0.906697	0.877867	0.935153	0.962599	0.952003	0.827169	0.926899	0.947587
DBPEDIA	0.963113	0.906697	1.000000	0.915477	0.923294	0.923519	0.856861	0.846043	0.855839	0.914148
IMDB	0.903748	0.877867	0.915477	1.000000	0.917680	0.864971	0.773660	0.937585	0.777889	0.951956
MEDDIA	0.942421	0.935153	0.923294	0.917680	1.000000	0.931841	0.871286	0.897939	0.865668	0.944282
QQP	    0.964432	0.962599	0.923519	0.864971	0.931841	1.000000	0.957926	0.803218	0.932174	0.908581
SST2	0.927063	0.952003	0.856861	0.773660	0.871286	0.957926	1.000000	0.696519	0.946898	0.845464
TLDR	0.838129	0.827169	0.846043	0.937585	0.897939	0.803218	0.696519	1.000000	0.707053	0.927062
WMT	    0.916834	0.926899	0.855839	0.777889	0.865668	0.932174	0.946898	0.707053	1.000000	0.839447
YELP	0.928891	0.947587	0.914148	0.951956	0.944282	0.908581	0.845464	0.927062	0.839447	1.000000
