	AGNEWS	AMAZON	DBPEDIA	IMDB	MEDDIA	QQP	SST2	TLDR	WMT	YELP
AGNEWS	-0.000000	0.012434	0.032823	0.103498	0.021596	0.014303	0.020286	0.173170	0.019761	0.022924
AMAZON	0.012434	0.000000	0.061420	0.127311	0.024294	0.007810	0.008101	0.198006	0.009425	0.021876
DBPEDIA	0.032823	0.061420	-0.000000	0.074520	0.048920	0.063776	0.080690	0.142713	0.078229	0.044390
IMDB	0.103498	0.127311	0.074520	-0.000000	0.087888	0.143443	0.171728	0.062157	0.162057	0.056161
MEDDIA	0.021596	0.024294	0.048920	0.087888	0.000000	0.030817	0.041920	0.126003	0.039114	0.019183
QQP	0.014303	0.007810	0.063776	0.143443	0.030817	0.000000	0.007105	0.217445	0.009207	0.036623
SST2	0.020286	0.008101	0.080690	0.171728	0.041920	0.007105	0.000000	0.254009	0.005279	0.048797
TLDR	0.173170	0.198006	0.142713	0.062157	0.126003	0.217445	0.254009	0.000000	0.241016	0.111311
WMT	0.019761	0.009425	0.078229	0.162057	0.039114	0.009207	0.005279	0.241016	-0.000000	0.045141
YELP	0.022924	0.021876	0.044390	0.056161	0.019183	0.036623	0.048797	0.111311	0.045141	0.000000
