	AGNEWS	AMAZON	DBPEDIA	IMDB	MEDDIA	QQP	SST2	TLDR	WMT	YELP
AGNEWS	1.000000	0.945504	0.930904	0.839728	0.929457	0.947857	0.910908	0.770316	0.920245	0.925240
AMAZON	0.945504	1.000000	0.839281	0.774535	0.906873	0.965461	0.962381	0.711401	0.955986	0.926469
DBPEDIA	0.930904	0.839281	1.000000	0.875683	0.883684	0.845814	0.776452	0.801593	0.789480	0.888267
IMDB	0.839728	0.774535	0.875683	1.000000	0.875802	0.754349	0.657963	0.918364	0.680914	0.925802
MEDDIA	0.929457	0.906873	0.883684	0.875802	1.000000	0.894343	0.834701	0.861051	0.851545	0.940547
QQP	0.947857	0.965461	0.845814	0.754349	0.894343	1.000000	0.965995	0.682480	0.957895	0.884387
SST2	0.910908	0.962381	0.776452	0.657963	0.834701	0.965995	1.000000	0.569786	0.974438	0.826642
TLDR	0.770316	0.711401	0.801593	0.918364	0.861051	0.682480	0.569786	1.000000	0.605657	0.879335
WMT	0.920245	0.955986	0.789480	0.680914	0.851545	0.957895	0.974438	0.605657	1.000000	0.839734
YELP	0.925240	0.926469	0.888267	0.925802	0.940547	0.884387	0.826642	0.879335	0.839734	1.000000
