	AGNEWS	AMAZON	DBPEDIA	IMDB	MEDDIA	QQP	SST2	TLDR	WMT	YELP
AGNEWS	-0.000000	0.026209	0.055524	0.136407	0.039698	0.033591	0.039695	0.222081	0.040091	0.042491
AMAZON	0.026209	-0.000000	0.104810	0.171974	0.045529	0.020675	0.016819	0.258704	0.021464	0.036541
DBPEDIA	0.055524	0.104810	0.000000	0.096635	0.084061	0.117285	0.139292	0.181692	0.136490	0.074933
IMDB	0.136407	0.171974	0.096635	-0.000000	0.124905	0.208459	0.236985	0.086152	0.228337	0.075035
MEDDIA	0.039698	0.045529	0.084061	0.124905	-0.000000	0.060438	0.073351	0.163016	0.070049	0.040400
QQP	0.033591	0.020675	0.117285	0.208459	0.060438	-0.000000	0.014385	0.297898	0.019970	0.073323
SST2	0.039695	0.016819	0.139292	0.236985	0.073351	0.014385	-0.000000	0.338470	0.011586	0.084096
TLDR	0.222081	0.258704	0.181692	0.086152	0.163016	0.297898	0.338470	-0.000000	0.324515	0.141462
WMT	0.040091	0.021464	0.136490	0.228337	0.070049	0.019970	0.011586	0.324515	0.000000	0.081655
YELP	0.042491	0.036541	0.074933	0.075035	0.040400	0.073323	0.084096	0.141462	0.081655	-0.000000
