	AGNEWS	AMAZON	DBPEDIA	IMDB	MEDDIA	QQP	SST2	TLDR	WMT	YELP
AGNEWS	0.000000	0.225245	0.149618	0.297441	0.325216	0.194268	0.176428	0.388000	0.625258	0.303786
AMAZON	0.225245	0.000000	0.365015	0.223245	0.252226	0.216148	0.192838	0.274867	0.670416	0.104299
DBPEDIA	0.149618	0.365015	0.000000	0.415436	0.442444	0.297845	0.296134	0.519459	0.644838	0.439569
IMDB	0.297441	0.223245	0.415436	0.000000	0.263428	0.294202	0.315826	0.180189	0.839434	0.161442
MEDDIA	0.325216	0.252226	0.442444	0.263428	0.000000	0.274581	0.353724	0.193046	0.767906	0.231898
QQP	0.194268	0.216148	0.297845	0.294202	0.274581	0.000000	0.146087	0.343874	0.654931	0.292278
SST2	0.176428	0.192838	0.296134	0.315826	0.353724	0.146087	0.000000	0.447536	0.568527	0.330539
TLDR	0.388000	0.274867	0.519459	0.180189	0.193046	0.343874	0.447536	0.000000	0.847679	0.165558
WMT	0.625258	0.670416	0.644838	0.839434	0.767906	0.654931	0.568527	0.847679	0.000000	0.794246
YELP	0.303786	0.104299	0.439569	0.161442	0.231898	0.292278	0.330539	0.165558	0.794246	0.000000
